-0.7431427569766837
-5.462423480524998
-0.03544650466438142
-0.6279152828239987
1.5674664432393142
-7.3032314399783305
-5.547564685910723
-7.636971060292767
-4.872622197683713
-1.5319659071707625
-1.8367483812253589
-4.208145649375777
-3.817315976056951
-1.0433790282671724
0.0765089309816457
0.3494511884280869
-1.2329573820427395
-0.8835511640461581
2.904766524064563
-2.8537645072044193
5.500345139265232
-3.572885348145144
-3.276145673323984
-1.1794458968203827
-3.2373334134799503
-6.463069216313351
0.28027178186847584
-1.5971399306955738
-3.106421781927
-7.654693702080572
2.994645851489868
-1.4934805194327678
2.7910910770442734
-2.8018610059716096
-2.4386093090417504
-3.96938724411427
-1.7407579189463338
-3.184956379444659
-3.0730670472010835
-1.9336654044883965
-2.9375052490785256
-5.482751585812037
-4.364393257226233
-5.759713509608583
-2.2036925295501213
-0.5577427013578653
2.225314504856234
-6.500379550824481
-1.8690429342366341
-6.046155385366702
-0.7243351468513178
-5.291083254862108
2.5023281263152084
-1.1240139685787576
-2.1776711519241694
-1.653639003310739
-3.9677338655611525
-3.9062412773014192
-6.407090283449171
2.759701856534836
-6.3297129667328775
0.1368912670107898
-6.600805317270201
-2.7588828751614094
1.3946466430771645
-0.44797166704534275
-1.610556903592633
-5.143639873212438
-2.6093663705489694
-2.67435121751773
-2.0004511138453136
-2.685275139643918
-0.5175042775076277
-0.3943602234371482
1.9246912895299184
2.3315433905362317
1.190686529209312
-3.5841349814464496
2.4791464759685238
-0.9626148334031819
1.7757423339168608
-6.285351217798338
1.6749197758996153
-6.138294263346522
0.04556105786670526
-5.525460690938322
6.090429426512005
2.9825714101596597
-0.5840861649038377
-0.32644176949935755
-0.741607827037969
-4.6213169786082
-2.225408139901904
-3.2473725754191687
-0.350000390528432
-5.7168336764139855
0.6726607667218808
2.872951393634741
-1.549709150692265
-1.662346791492687
-5.654412325600021
1.977338036528296
-4.451532010576542
-3.3231345204538214
-2.8003689601681607
-3.544638736555579
-2.4300461131710964
-4.853550073548411
0.2655899651635174
-5.497100298113248
-1.5510827204589706
-0.4138425344739553
-1.8687965371733755
0.2963360813571073
-2.301096187870291
-2.907032920154162
-5.150908617405045
